%YAML:1.0
Histograms: !!opencv-matrix
   rows: 2589
   cols: 1
   dt: f
   data: [ 3514., 0., 34774., 0., 37628., 0., 3370., 0., 137636., 0.,
       135732., 0., 171272., 0., 91352., 0., 138438., 0., 1360., 0.,
       109490., 0., 40216., 0., 3296., 0., 87268., 0., 167028., 0.,
       81490., 0., 179014., 0., 1654., 0., 185482., 0., 181770., 0.,
       130448., 0., 1382., 0., 2336., 0., 112452., 0., 3056., 0., 65464.,
       0., 137962., 0., 3876., 0., 161546., 0., 6712., 0., 144624., 0.,
       1960., 0., 127388., 0., 2184., 0., 9972., 0., 73208., 0., 4500.,
       0., 105426., 0., 68348., 0., 6270., 0., 4082., 0., 4388., 0.,
       109464., 0., 5396., 0., 1788., 0., 164396., 0., 2588., 0.,
       174646., 0., 80008., 0., 10112., 0., 121066., 0., 149076., 0.,
       98002., 0., 89160., 0., 4438., 0., 3342., 0., 2834., 0., 162226.,
       0., 3646., 0., 2428., 0., 2392., 0., 129642., 0., 135216., 0.,
       132886., 0., 2520., 0., 2786., 0., 92524., 0., 188180., 0., 1362.,
       0., 11282., 0., 144364., 0., 3246., 0., 144112., 0., 166064., 0.,
       2666., 0., 57286., 0., 2026., 0., 98670., 0., 4662., 0., 94824.,
       0., 79654., 0., 82554., 0., 99000., 0., 35852., 0., 153480., 0.,
       160888., 0., 159310., 0., 110898., 0., 182436., 0., 97904., 0.,
       110506., 0., 5832., 0., 6384., 0., 162530., 0., 7640., 0.,
       163246., 0., 5966., 0., 106692., 0., 154270., 0., 83364., 0.,
       1362., 0., 113774., 0., 102224., 0., 111226., 0., 87288., 0.,
       4402., 0., 4472., 0., 3416., 0., 171072., 0., 4118., 0., 161102.,
       0., 7482., 0., 6560., 0., 2758., 0., 168952., 0., 150144., 0.,
       116292., 0., 126278., 0., 2958., 0., 2484., 0., 5822., 0.,
       103078., 0., 84094., 0., 145284., 0., 4290., 0., 150460., 0.,
       3812., 0., 148932., 0., 169990., 0., 107050., 0., 3236., 0.,
       45724., 0., 2288., 0., 179552., 0., 4512., 0., 3830., 0., 162738.,
       0., 178636., 0., 98346., 0., 84208., 0., 79914., 0., 3048., 0.,
       108542., 0., 2118., 0., 61218., 0., 45366., 0., 2674., 0., 6716.,
       0., 145614., 0., 2490., 144528., 0., 138026., 0., 2378., 0.,
       4488., 0., 12440., 0., 4394., 0., 3692., 0., 3764., 0., 4066., 0.,
       3032., 0., 160262., 0., 147990., 0., 2958., 0., 2076., 0., 3228.,
       0., 3374., 0., 3558., 176628., 0., 10456., 0., 6744., 0., 134642.,
       0., 85308., 0., 115592., 0., 176156., 0., 100272., 0., 108688.,
       0., 121442., 0., 128212., 0., 141802., 0., 108270., 0., 112352.,
       0., 148232., 0., 4828., 0., 121426., 0., 131628., 0., 7948.,
       118376., 0., 98960., 0., 17050., 0., 106304., 0., 100666., 0.,
       3116., 0., 6470., 0., 6866., 0., 8188., 0., 74094., 0., 2626., 0.,
       100104., 0., 5032., 0., 75940., 0., 98206., 0., 3324., 2762.,
       2724., 0., 115748., 0., 1870., 0., 2020., 0., 98218., 0., 134822.,
       0., 108084., 0., 99630., 0., 91434., 0., 118838., 0., 88564., 0.,
       4952., 0., 107536., 0., 17396., 19236., 103342., 0., 5350., 0.,
       2372., 0., 68852., 0., 97924., 0., 83506., 0., 100970., 0., 2030.,
       0., 148124., 0., 86902., 0., 3686., 0., 138258., 0., 126802., 0.,
       91908., 0., 3684., 0., 138614., 0., 131148., 0., 2462., 0.,
       81272., 0., 84656., 0., 3476., 0., 5676., 0., 5846., 0., 124742.,
       0., 5536., 0., 9516., 0., 125654., 0., 2594., 0., 161204., 0.,
       102464., 0., 5146., 0., 165318., 0., 1342., 0., 4046., 0., 14268.,
       0., 157182., 0., 119656., 0., 2994., 0., 138456., 0., 2136., 0.,
       2496., 0., 3222., 0., 90098., 0., 13814., 0., 105198., 0., 97826.,
       0., 5420., 0., 160578., 0., 170338., 0., 2830., 0., 4054., 0.,
       4284., 0., 88994., 0., 3514., 0., 3664., 0., 4332., 0., 3976., 0.,
       130888., 0., 3122., 0., 5898., 0., 3340., 0., 2982., 0., 1960.,
       0., 3522., 0., 2740., 0., 3730., 0., 3416., 0., 129594., 0.,
       4028., 0., 4728., 0., 78494., 0., 2698., 0., 2236., 2458., 3676.,
       0., 1490., 0., 4500., 0., 2970., 0., 3020., 0., 3174., 0., 1576.,
       0., 95024., 0., 65336., 0., 107584., 0., 102214., 0., 2206., 0.,
       52772., 0., 135524., 0., 113952., 0., 3328., 5308., 5554., 0.,
       2362., 0., 87334., 0., 3482., 0., 86186., 0., 104502., 0., 3480.,
       0., 82130., 0., 4118., 0., 125944., 0., 82316., 0., 4616., 0.,
       81682., 0., 3038., 0., 114524., 0., 56308., 0., 2360., 0., 2224.,
       0., 3564., 0., 2386., 0., 1872., 0., 3350., 0., 2414., 0., 3574.,
       0., 2088., 0., 3260., 0., 190686., 0., 138964., 0., 3052., 0.,
       2540., 0., 4292., 0., 167072., 0., 2806., 0., 184858., 0., 6938.,
       0., 4542., 0., 4104., 0., 172760., 0., 170108., 0., 138736., 0.,
       5064., 0., 2928., 0., 110970., 0., 5482., 0., 5970., 0., 4866.,
       0., 5298., 0., 6290., 0., 2660., 0., 89794., 0., 3104., 0., 3334.,
       0., 79866., 0., 98644., 0., 5496., 0., 4554., 0., 94474., 0.,
       3692., 0., 89010., 0., 4462., 0., 145462., 0., 1866., 0., 108306.,
       0., 101668., 0., 1992., 0., 26586., 0., 118316., 0., 105832., 0.,
       7962., 0., 88776., 0., 106314., 0., 4576., 0., 61972., 0.,
       139532., 0., 84422., 0., 2876., 2842., 55696., 0., 103276., 0.,
       3294., 0., 101188., 0., 3424., 0., 3166., 0., 4092., 0., 52282.,
       0., 87536., 0., 152730., 0., 3980., 0., 153900., 0., 3246., 0.,
       94714., 0., 4048., 0., 94324., 0., 46850., 0., 86260., 0., 4142.,
       0., 3014., 0., 2640., 81854., 0., 4618., 0., 97368., 0., 3088.,
       0., 55946., 0., 3026., 0., 3250., 0., 120174., 0., 2784., 0.,
       106834., 0., 108706., 0., 128040., 0., 95472., 0., 3286., 0.,
       3536., 0., 4448., 0., 4450., 0., 83760., 0., 2562., 0., 81240.,
       0., 2932., 0., 4926., 4108., 2750., 0., 82516., 0., 85310., 0.,
       4600., 0., 65888., 0., 2454., 0., 92656., 0., 83426., 0., 3686.,
       0., 90844., 0., 4914., 0., 5718., 0., 68152., 0., 2334., 0.,
       1298., 0., 2806., 0., 1734., 0., 3142., 0., 3516., 0., 3762., 0.,
       197594., 0., 187330., 1002., 1278., 1130., 1054., 1376., 6366.,
       1698., 1350., 1240., 976., 1038., 1310., 842., 5742., 1702.,
       1084., 1276., 1446., 906., 1244., 1380., 3664., 1298., 1476.,
       1814., 1146., 1426., 900., 1374., 2794., 882., 732., 552., 1568.,
       896., 768., 1010., 1176., 754., 932., 572., 868., 730., 796.,
       1132., 656., 714., 1150., 712., 1306., 1936., 922., 1810., 3694.,
       980., 1192., 1234., 1058., 1870., 1096., 1222., 3242., 1468.,
       842., 1070., 1384., 696., 968., 640., 4118., 1522., 1396., 778.,
       1432., 1638., 850., 1492., 4242., 1234., 1288., 1038., 476., 790.,
       1132., 922., 2020., 836., 858., 1790., 1016., 746., 1080., 846.,
       2684., 1132., 778., 790., 1130., 920., 814., 964., 1108., 986.,
       1118., 884., 944., 1100., 1282., 1134., 786., 1096., 620., 714.,
       1146., 1508., 1528., 1426., 1878., 926., 1036., 782., 1264.,
       2508., 710., 1656., 3682., 874., 1732., 1622., 1020., 1568., 966.,
       914., 11162., 1108., 1040., 2640., 2098., 1736., 2284., 2872.,
       3560., 2968., 3000., 2440., 2668., 2058., 880., 966., 14826.,
       2192., 1628., 1914., 1340., 1154., 2170., 2406., 16008., 5966.,
       5476., 1898., 16478., 28900., 32438., 25478., 15926., 26126.,
       21178., 20920., 21844., 21728., 11118., 13456., 13510., 19158.,
       53282., 51116., 54410., 36586., 22898., 15200., 7164., 4440.,
       2322., 2202., 1346., 2222., 3192., 2402., 1480., 3790., 2904.,
       1078., 1056., 6632., 1368., 1632., 1318., 10672., 1088., 1530.,
       1198., 12564., 1504., 1882., 1668., 7566., 3072., 3988., 5296.,
       26330., 7128., 7162., 7084., 6980., 13004., 9062., 12102., 10936.,
       4590., 6934., 8092., 4506., 4504., 5538., 5218., 4564., 3526.,
       4870., 5804., 7054., 6148., 5820., 5012., 4246., 3300., 2396.,
       1592., 1472., 772., 864., 1288., 688., 824., 1146., 1416., 1510.,
       1238., 1924., 1404., 1518., 1678., 1310., 1214., 1390., 1490.,
       1066., 1704., 1346., 1852., 2252., 1902., 1312., 2234., 1808.,
